b=[  4
     6
    19
   -12
     4]
