A = [ 1  2   4
      2 -4  -5
      1 10 -15]

