B = [ -12  -5  13  -6 -5  12
        7  14   6   1  8  18
       -8  14  13   9  2   1
        2   4   6  -8 -2  15
      -14   0  -6  14  8 -13
        8  16  -8   3  5  19]
