A = [ 4     2     1
      2    -3     1
      1     1     3]

