A = [ -2.2   4.1 -1.5 -0.2
      -3.4   4.8 -1.0  0.2
      -1.0   0.4  1.9  0.2
     -14.5  17.8 -6.7  0.6]

