A = [ 2 2  1 0 
      1 3 -5 1
      4 2  1 3
      2 1 -1 4]

