A=[ -147        -106         -66        -488;
     604         432         271        1992;
     621         448         279        2063;
    -169        -122         -76        -562]



