A = [ 1  2 
      1  0
      3 -2]
