 B = [ 179  -230  0 10  -30 
       144  -185  0  8  -24 
        30   -39 -1  3   -9 
       192  -245  0  9  -30 
        40   -51  0  2   -7]

