A = [ 2 3 -21 -3
      2 7 -41 -5
      0 1  -5 -1
      0 0   4  4]

