A = [0 3  1 
     4 1 -1
     2 7 -5]

