A = [ 6  6  6;
      5 11 -1;
      1 -5  7]

