A = [-0.1  0.1 -0.2  0.1;
     -0.8 -0.5  1.9    0;
      2.4 -3.9 -0.7  0.1;
      0.3  0.1 -0.2 -0.3]

