w1 = [ 3  -2   1  -1]
w2 = [ 1   5  10  12]
w3 = [ 1 -12 -19 -25]  
