C = [ 12  48  68  88
     -19 -54 -57 -68
      22  52  66  96 
     -11 -26 -41 -64]

