A = [  9   45  18 8
       0   -4  -1 -1
     -16  -69 -29 -12
      25  123  49  23]

