A = [  -5 -13 17  42
      -10 -57 66 187
       -4 -23 26  77
       -1  -9  9  32]

