A = [  -3  -4  -2  0
       -9 -39 -16 -7
       18  64  27 10
       15  86  34 18]

