B = [ 0 5 1  3
      1 5 3 -1
      2 1 0 -4
      1 7 2  3]
