P= [0.10  0.20  0.30  0.15  0.25
    0.05  0.35  0.10  0.40  0.10
      0     0   0.35  0.55  0.10
    0.25  0.25  0.25  0.25    0
    0.33  0.32    0     0   0.35]
