A = [ 2 1 3
      1 2 3
      5 1 0]


