w1 = [ 1
       2
       3]

w2 = [ 2 
       1 
       5]

w3 = [-1 
       2 
      -4]

w4 = [ 0 
       2 
      -1]

