w1 = [ 2  1   3  5  7]
w2 = [ 2 -1   5  2  3]
w3 = [10  1 -23  2  3]

