w1 = [ 1  2 3 4]
w2 = [ 0 -1 1 3]
w3 = [ 2  0 0 1]
w4 = [-1  1 3 0]

