A = [ 2   1  3  -2  4 1
      5  12 -1   3  5 1
     -4 -21 11 -12  2 1 
     23  59 -8  17 21 4]


