u1  =  [1.04  2   0.76 -0.32] 
u2  =  [ 1.4 -1.3 0.6   1.2]
