A  = [  0     1    -3     0;
       -2     3    -3     0;
        4    11    -5     0;
        2    -5     3    -2]

