A = [ 2 2 -2
     -4 4  0]

B = [ 3 -2 0
      0 -1 4
     -2 -3 5]

