b = [   9.7
    	4.5
    	5.1
    	3.0
       -8.5
    	2.6]  
