A = [2.7666    0.2833    1.4000    4.5666
    2.4111    1.9056   -1.8000   -0.1889
   -0.4111    2.0944   -0.2000    0.1889
   -7.9443   -2.4721   -1.0000   -4.4721]

