u1  =  [1  1 0 0  1] 
u2  =  [0  2 0 1 -1]  
u3  =  [0 -1 1 0  2]   
u4  =  [1  4 1 2  1]  
u5  =  [0  0 2 1  3]
