w1 = [1 4 2 3];
w2 = [2 1 1 4];
w3 = [0 1 5 6];
w4 = [2 5 -1 0];
z1 = [3 2 0 1];
z2 = [-1 0 2 3];
z3 = [3 1 1 3];
z4 = [2 2 3 5];
 