C = [ -0.28  -0.04  -0.22  -0.42  
       0.16  -0.62   0.14   0.04  
       0.06  -0.12  -0.06   0.14  
       0.04  -0.28   0.06  -0.34]

