A = [ 29   27   -4   -7   -3  -20 
     -26  -23    5    9    3   23 
      12   26   -4   32    7  -24 
      12   12   -3   -1   -1  -13 
      -8  -10    4   -3    1   16 
      -4   -8    2   -9   -2   10]

