A = [ 2 3 4 1
      1 1 2 3]

x = [1
     5
     4
     3]

y = [ 1
     -1
     -1
      4]

c = 5

