V0 = [ 2 43 21 34]'

