A = [ 1.3  -4.15 -1.2
      1.6  -1.2  2.4
     -2.5  2.35  5.09]

b = [1.12
     -2.1
     4.36]

