C = [ 94  174  132  
     -37  -68  -53 
     -16  -29  -24]

