function f = f14_4_2(t,x)
A = [ -0.25 3.0 0; -3 -0.25 0; 0 0 -0.2];
f = A*x;
