A = [ 103   138   124   -215 
      -67   -85   -68    142 
       22    27    20    -47 
       19    27    27    -39]

X0 = [1 2 0 3]'

