A = [0.7130   24.8184   32.0740    2.8959   15.3610
    0.0552   17.0732   21.1395    6.6120   11.0843
   -0.6168  -12.0764  -16.0165   -1.6151   -7.3997
    1.0410   -3.3312   -2.0820   -3.3312   -3.1230
   -0.5205    1.6656    1.0410    1.6656    1.5615]

