B = [ 2 4 6 -2  1
      0 0 4  1 -1
      2 4 0  1  2]

