v1 = [2
      1 
      3 
      4]

v2 = [-4  
       2 
       3 
       1]

v3 = [ 2  
       9  
      21 
      22]

