A = [  -3  -7  -2
       11  19   5
      -32 -51 -13]

X0 = [ 1 0 -1]'

