A = [  -15.1220   12.2195   13.6098   14.9268
       -28.7805   21.8049   25.9024   28.7317
        60.1951  -44.9512  -53.9756  -60.6829
       -44.5122   37.1220   43.5610   47.2927]



