A = [ -12 15 0
        1  5 2
       -5  1 5]

