A=[1 2.5 -5*sqrt(3) 1 -3; 7 -1 -5.5 -10 -1; 3 4 -5 -2 -6]