RioH = [84 85 83 80 77 76 75 76 75 77 79 82]'
RioL = [73 73 72 69 66 64 63 64 65 66 68 71]'

ParisH = [55 55 59 64 68 75 81 81 77 70 63 55]'
ParisL = [39 41 45 46 55 61 64 64 61 54 46 41]'

T  = [1 2 3 4 5 6 7 8 9 10 11 12]';
F1 = ones(12,1)

F2 = cos(2*pi/12*T)
F3 = sin(2*pi/12*T)

