A = [ -6  12  4;
       8 -21 -8;
     -29  72  27]
