A = [ -24  -58   -2   -8
       15   35    1    4
        3    5    7    4
        3    6   -0    6]
