C = [ 1  0 2  3 
      2  1 4  6 
     -1 -5 1  3
      1  4 7 10]

