A = [ 1  0  -9  18
     12 -7 -26  77 
      5 -2 -13  32
      2 -1  -4  11]
