 A = [ 2.2125  5.1750  8.4250 15.0000  19.2500  0.5125 
      -1.9500 -3.9000 -6.5000 -7.4000 -12.0000 -2.9500
       2.2250  3.9500  6.0500  0.9000  1.5000   1.0250
      -0.2000 -0.4000       0  0.1000       0  -0.2000
      -0.7875 -0.8250 -1.5750  1.0000  2.2500   0.5125
       1.7875  2.8250  4.5750       0  4.7500   5.4875]


