A = [4.9666    2.2833    0.8000    5.3666
   -0.9889   -0.0944   -1.6000   -1.7889
    2.9889    4.0944   -0.4000    1.7889
   -8.9443   -4.4721         0   -4.4721]

