C = [ 1     3     6     9   11 
     -2     4     6    -8    0 
      1     3     5     7    9 
      0     2     5     8    0 
      1     4    -2     4   10]

