A = [ -3   77  -124  -225 
      10   -1    69   105 
     -26  -47  -112  -148 
      18   24    89   124]

