A = [ 12   4   3   6
       5  22   6  -6
     -34 -69 -22   7
      -5  16   3 -10]

