A=[  5    -4     3    -6     2
     2     1    -1    -1     1
     1     2     1     1     3
    -2    -1    -1     1    -1
     1    -6     1     1     4]
