C = [1     3     0    -1
     2     6    -4     4
     1     0    -1    -9
     0     1     0     3]

b = [ -8
       4
     -35
      10]

