A = [1     0    -2     3     4     0     1
     0     1     2     4     0    -2     0
     2    -1    -4     0    -2     8    -4
    -3     0     6    -8   -12     2    -2]  
