A = [ 1    3    4 
      2    1    1 
     -4    3    5]

B = [ 3    1    4 
      1    2    1 
      3   -4    5]


