A=[  1     3     0    -1    -8
     2     6    -4     4     4
     1     0    -1    -9   -35
     0     1     0     3    10] 
