D = [ 2.3  4.66  -1.2    2.11  -2 
      0    0      1.33   0      1.44
      4.6  9.32  -7.986  4.22  -10.048
      1.84 3.728 -5.216  1.688  -6.208 ]
