C = [ 2  3 -1  4
      8 11 -7  8 
      2  2 -4 -3 ]
