b = [ 1
      1
     -5
      2]

