A = [ 2  4 -1
      1  3  2
     -1 -2  5]

b = [2
     1
     4]

