A = [ 1  2  3  
      0  1 -2  
      4  0  1]

x = [ 3
      2
     -1]

y = [ 0
     -5
     10]

c = 21


