A = [ -2 -2  4  5
       0 -3 -4  3
       1 -3  1  1
       0  1  0  4] 

B = [ 2  3 -4  5
      4 -3  0 -2
     -3 -4 -4 -3
     -2 -2  3 -1] 

