A = [ 2  2 
      0 -1 
     -1  0  
      4  2]
v = [-2 
      4 
     -3 
      4]

