w1 = [2 0 -1  3  4]

w2 = [1 0  0 -1  2]

w3 = [0 1  0  0 -1]



v1 = [ 2  1 -2   8   3] 

v2 = [-1 12  3 -14  -1]

v3 = [-1 12  3 -14 -14]


