A = [ -4 0 -4 3 
      -4 1 -1 1]
