x1 = [3
      4
      1
      2
      5]

x2 = [-1
       0
       3
      -2
       1]

x3 = [ 2
       4
      -3
       0
       2]

