A = [ -12 -19  -3  14   0
      -12  10  14 -19   8
        4  -2   1   7  -3
       -9  17 -12  -5  -8
      -12  -1   7  13 -12]


