\documentclass{ximera}
\input{../../preamble.tex}
\begin{document}
\begin{computerExercise}  \label{c7.5.6}
Find the $4\times 4$ Householder matrices $H_1$ and $H_2$ corresponding to
the vectors
\begin{matlabEquation}\label{MATLAB:62}
\begin{array}{rcl}
u_1 & = & (1.04,2,0.76,-0.32) \\
u_2 & = & (1.4,-1.3,0.6,1.2).
\end{array}
\end{matlabEquation}
Compute $H=H_1H_2$ and verify that $H$ is an orthogonal matrix.

\begin{solution}

\ans
\begin{verbatim}
H1 =                                   H2 =
   0.6245  -0.7220  -0.2744   0.1155      0.2807   0.6679  -0.3083  -0.6165
  -0.7220  -0.3885  -0.5276   0.2222      0.6679   0.3798   0.2862   0.5725
  -0.2744  -0.5276   0.7995   0.0844     -0.3083   0.2862   0.8679  -0.2642
   0.1155   0.2222   0.0844   0.9645     -0.6165   0.5725  -0.2642   0.4716

H =
   -0.2935    0.1305   -0.6678   -0.6714
   -0.4365   -0.6536   -0.4053    0.4669
   -0.7279   -0.1065    0.6051   -0.3043
   -0.4398    0.7378   -0.1536    0.4885
\end{verbatim}

\soln Find $H_1$ in \Matlab by typing
\begin{verbatim}
H1 = eye(4) - 2/(u1'*u1)*u1*u1'
\end{verbatim}

Calculate $H_2$ similarly.  Confirm that $H = H_1H_2$ is orthogonal by
computing the product $H^tH$ to see that it is $I_4$.


\end{solution}
\end{computerExercise}
\end{document}
